646 137 200 517 552 31 516 714 364 657 248 234 191 961 918 973 714 59 472 754 980 
313 947 513 551 149 11 840 24 188 383 362 148 77 966 963 888 348 325 800 763 
431 373 699 456 206 810 507 945 791 690 482 341 920 426 103 810 636 671 210 593 
546 151 189 877 980 387 514 196 710 507 627 231 9 783 124 942 991 839 981 557 
474 383 223 922 679 382 212 992 108 553 25 212 243 884 65 212 336 433 205 110 
929 15 143 845 306 633 19 231 417 884 248 510 100 51 867 635 1000 442 211 627 
772 266 774 899 557 384 381 28 791 490 509 525 871 184 744 821 216 65 244 804 
740 992 445 432 750 645 501 299 472 552 227 192 501 374 225 977 151 793 587 522 
163 921 121 937 386 695 116 934 733 171 144 735 660 831 446 200 202 834 937 68 
26 200 165 465 611 609 341 276 589 475 794 717 77 210 702 151 455 433 162 653 
348 725 852 992 872 352 81 432 500 502 625 646 877 684 690 10 520 813 298 844 
14 330 727 321 48 478 572 978 114 601 845 56 242 993 696 858 110 52 734 286 
847 979 594 118 240 526 469 222 154 986 411 147 359 321 856 513 288 771 476 867 
540 826 388 506 876 843 101 259 483 533 280 272 121 231 459 560 953 849 448 251 
582 199 412 179 419 595 712 381 246 928 222 42 224 660 21 231 914 621 369 317 
498 829 950 595 835 12 312 237 982 191 505 952 124 953 574 298 960 621 462 122 
131 838 516 411 739 532 338 18 186 905 982 94 709 52 885 785 785 890 765 121 
336 798 515 848 595 841 752 954 321 713 372 131 192 985 660 796 720 288 930 426 
478 754 441 485 23 618 173 512 822 589 757 846 488 224 932 492 813 149 674 927 
234 838 697 588 979 152 13 249 347 953 362 776 49 898 630 47 444 679 273 224 
38 884 170 618 501 11 635 225 645 677 116 630 923 675 467 248 381 870 537 253 
190 569 73 456 265 203 89 942 975 264 815 85 514 250 342 51 797 506 354 712 
510 523 365 993 625 110 613 841 921 715 259 897 288 933 676 500 991 309 758 209 
943 306 358 102 572 670 433 471 459 570 270 577 606 152 561 105 129 855 949 146 
433 164 407 377 374 10 157 979 791 50 543 761 892 287 752 883 757 376 951 273 
176 417 923 22 706 508 584 413 791 596 877 286 924 983 54 738 686 157 639 874 
365 169 234 652 614 11 186 88 311 594 642 757 675 28 610 369 277 976 723 901 
11 286 654 560 840 597 748 232 930 784 598 284 915 616 858 213 772 4 799 270 
206 785 478 53 800 292 937 111 447 94 946 27 955 226 952 503 282 338 903 309 
246 835 791 130 14 888 211 400 583 740 850 13 502 502 154 553 892 382 929 286 
308 262 845 231 665 42 615 148 312 721 534 643 780 218 552 4 575 322 762 791 
585 164 621 922 306 818 764 869 607 683 91 533 486 452 983 355 732 308 58 313 
110 598 164 541 354 123 626 757 465 895 186 960 750 511 369 453 17 500 999 308 
871 436 719 1000 511 86 699 216 354 850 451 625 586 913 404 612 885 951 895 11 
655 587 989 498 518 472 36 426 742 406 94 381 716 48 506 751 34 917 524 473 
69 172 469 693 337 435 221 624 70 691 344 209 968 129 679 414 266 428 339 969 
1 793 779 252 570 167 583 863 639 586 484 861 137 427 323 777 595 232 421 423 
87 518 217 75 496 929 478 647 472 54 981 780 4 367 346 674 667 487 621 735 
590 922 267 516 944 489 668 757 354 531 688 536 183 336 399 75 678 783 103 230 
462 283 342 651 906 690 437 294 434 954 961 30 260 335 45 770 512 904 690 88 
37 168 977 853 745 943 781 532 946 50 260 319 579 968 624 200 781 712 104 531 
362 115 524 700 820 212 147 134 781 322 473 353 722 832 960 497 372 332 805 468 
64 310 801 883 122 965 6 909 255 340 440 886 845 327 72 419 84 517 935 186 
669 35 508 742 947 794 146 481 621 237 423 74 393 714 813 488 901 737 1 506 
443 678 773 955 212 109 223 639 224 914 248 692 671 876 239 791 451 202 724 95 
996 41 496 473 748 623 629 684 914 847 585 811 419 453 817 633 733 201 691 77 
46 760 315 959 950 516 339 100 204 956 729 596 459 235 730 133 754 199 632 783 
328 577 137 58 775 57 193 38 9 797 0 73 703 120 641 330 877 377 870 696 
490 131 410 992 156 636 383 632 485 670 24 228 515 581 47 578 266 303 392 944 
726 24 644 332 200 654 511 654 882 833 347 961 798 389 315 478 823 897 340 